ATTENDANCE FILE: Attendance_XGBoost_Dataset_1000.xlsx
rows: 1000
unique ids: 1000
sample ids: 2387989857, 2309387674, 2352127454, 2274107917, 2347455779, 2398720018, 2295260071, 2391263101, 2310004973, 2240555028

GRADES FILE: Gradesheet_XGBoost_Dataset_1000.xlsx
rows: 1000
unique ids: 1000
sample ids: 2387989857, 2309387674, 2352127454, 2274107917, 2347455779, 2398720018, 2295260071, 2391263101, 2310004973, 2240555028

NEEDS FILE: Needs_Assessment_XGBoost_Dataset_1000.xlsx
rows: 1001
unique ids: 1001
sample ids: 2201103564, 2402005824, 2302005292, 2501004918, 2401008122, 2202013299, 2301011958, 2201012862, 2201013756, 2201008010

INTERSECTIONS
attendance ? grades: 1000
attendance ? needs: 0
grades ? needs: 0
all three: 0

IDS IN ATTENDANCE/GRADES BUT NOT IN NEEDS
2200002487
2200110128
2200211672
2200713269
2200740087
2200763493
2201323521
2201659597
2201932354
2202061313
2202107490
2202152742
2202157725
2202226761
2202253363
2202345142
2202350186
2202703236
2202899816
2202925334
2203063486
2203464394
2203596394
2203877733
2204069756
2204184460
2204211010
2204267705
2204299020
2204418243
2204428059
2204892299
2204942774
2205411830
2205653566
2205676107
2205755057
2205931756
2205933026
2206121299
2206195606
2206583635
2206698766
2206889365
2206923988
2207176566
2207833816
2208209842
2208318465
2208586448

IDS IN NEEDS BUT NOT IN ATTENDANCE/GRADES
2201004515
2201004606
2201004739
2201004867
2201004880
2201004996
2201005013
2201005086
2201005147
2201005484
2201005536
2201005570
2201005607
2201005664
2201005839
2201005897
2201005984
2201006281
2201006311
2201006335
2201006373
2201006424
2201006571
2201006787
2201006791
2201006806
2201006912
2201006947
2201007020
2201007072
2201007094
2201007121
2201007149
2201007174
2201007185
2201007191
2201007335
2201007352
2201007395
2201007745
2201007852
2201007907
2201007984
2201008010
2201008109
2201008356
2201008399
2201008496
2201008693
2201008720